10846612374	0.00000003320242432
26551252325	0.00000004450437467
45794672179	0.00000009139311575
68859509147	0.0000001461497292
94179313015	0.0000001934221789
122756763561	0.0000002528341775
152949847989	0.0000003094469205
186134295604	0.0000004069838013
220515589018	0.0000005104828358
257740421742	0.0000006097969763
295851962981	0.0000007161386299
335676312837	0.0000008159087783
378227004589	0.0000009245815068
422437624981	0.000001041084261
467083726970	0.00000116208119
514401874025	0.000001292538131
561979751415	0.00000143229979
612213492991	0.000001509318433
663860739161	0.000001626780712
688877347574	0.000001752475892
